   6.2703240e+00   7.0649584e-01
   5.9559038e+00   2.0840609e+00
   4.4643513e+00   7.0708378e-01
   4.0273495e+00   2.0520371e+00
   4.4618438e+00   4.4618438e+00
   5.3428297e+00   3.3571224e+00
   3.3571224e+00   5.3428297e+00
   3.1961227e+00   3.1961227e+00
   7.0710678e-01   7.0710678e-01
   7.0657599e-01   2.6369775e+00
   2.6369775e+00   7.0657599e-01
   1.9304015e+00   1.9304015e+00
   7.0649584e-01   6.2703240e+00
   7.0708378e-01   4.4643513e+00
   2.0840609e+00   5.9559038e+00
   2.0520371e+00   4.0273495e+00
   6.2703240e+00  -7.0649584e-01
   5.9559038e+00  -2.0840609e+00
   4.4643513e+00  -7.0708378e-01
   4.0273495e+00  -2.0520371e+00
   4.4618438e+00  -4.4618438e+00
   5.3428297e+00  -3.3571224e+00
   3.3571224e+00  -5.3428297e+00
   3.1961227e+00  -3.1961227e+00
   7.0710678e-01  -7.0710678e-01
   7.0657599e-01  -2.6369775e+00
   2.6369775e+00  -7.0657599e-01
   1.9304015e+00  -1.9304015e+00
   7.0649584e-01  -6.2703240e+00
   7.0708378e-01  -4.4643513e+00
   2.0840609e+00  -5.9559038e+00
   2.0520371e+00  -4.0273495e+00
  -6.2703240e+00   7.0649584e-01
  -5.9559038e+00   2.0840609e+00
  -4.4643513e+00   7.0708378e-01
  -4.0273495e+00   2.0520371e+00
  -4.4618438e+00   4.4618438e+00
  -5.3428297e+00   3.3571224e+00
  -3.3571224e+00   5.3428297e+00
  -3.1961227e+00   3.1961227e+00
  -7.0710678e-01   7.0710678e-01
  -7.0657599e-01   2.6369775e+00
  -2.6369775e+00   7.0657599e-01
  -1.9304015e+00   1.9304015e+00
  -7.0649584e-01   6.2703240e+00
  -7.0708378e-01   4.4643513e+00
  -2.0840609e+00   5.9559038e+00
  -2.0520371e+00   4.0273495e+00
  -6.2703240e+00  -7.0649584e-01
  -5.9559038e+00  -2.0840609e+00
  -4.4643513e+00  -7.0708378e-01
  -4.0273495e+00  -2.0520371e+00
  -4.4618438e+00  -4.4618438e+00
  -5.3428297e+00  -3.3571224e+00
  -3.3571224e+00  -5.3428297e+00
  -3.1961227e+00  -3.1961227e+00
  -7.0710678e-01  -7.0710678e-01
  -7.0657599e-01  -2.6369775e+00
  -2.6369775e+00  -7.0657599e-01
  -1.9304015e+00  -1.9304015e+00
  -7.0649584e-01  -6.2703240e+00
  -7.0708378e-01  -4.4643513e+00
  -2.0840609e+00  -5.9559038e+00
  -2.0520371e+00  -4.0273495e+00
