   1.7960512e+00   1.7960512e+00
   2.4534516e+00   6.5740037e-01
   4.0003984e+00   1.6570193e+00
   4.3300000e+00   0.0000000e+00
  -1.7960512e+00   1.7960512e+00
  -2.4534516e+00   6.5740037e-01
  -3.0617724e+00   3.0617724e+00
  -4.0003984e+00   1.6570193e+00
   1.7960512e+00  -1.7960512e+00
   2.4534516e+00  -6.5740037e-01
   3.0617724e+00  -3.0617724e+00
   4.0003984e+00  -1.6570193e+00
  -1.7960512e+00  -1.7960512e+00
  -2.4534516e+00  -6.5740037e-01
  -4.0003984e+00  -1.6570193e+00
  -4.3300000e+00   5.3027206e-16
   6.5740037e-01   2.4534516e+00
   7.0710678e-01   7.0710678e-01
   1.6570193e+00   4.0003984e+00
   3.0617724e+00   3.0617724e+00
  -6.5740037e-01   2.4534516e+00
  -7.0710678e-01   7.0710678e-01
   2.6513603e-16   4.3300000e+00
  -1.6570193e+00   4.0003984e+00
   6.5740037e-01  -2.4534516e+00
   7.0710678e-01  -7.0710678e-01
  -7.9540810e-16  -4.3300000e+00
   1.6570193e+00  -4.0003984e+00
  -6.5740037e-01  -2.4534516e+00
  -7.0710678e-01  -7.0710678e-01
  -1.6570193e+00  -4.0003984e+00
  -3.0617724e+00  -3.0617724e+00
